1101101111
111110100111000
1111100000011001000
111000110100101001
00000100111010100000
1110001110000010111100101001111
1111110010001001110101011001
000000000100111000
000001000110010111111010
100000001101111001010001
1110111110110
11000000000011010001110010
001111111100101110010000
1101101101111101110100
110111011001000011111
000000100001101001001011101111001
1011010100110101010110001101111
00101010100111010110000110011011111
11111111000110010000010001101001
11000001010000100101
111011011110001010100011
0111111111111011000100100001000001
100000000010001001
10000001101011110
1100000001110010000
1000000001110011
0111111011011101
1100100001011110100111
1111011110011000100111110
0010010001010110001
00010010000110011110010
000010000010
0001000001001011
000100010011010111
1010111001010011111110
101001101010110000110001
000000101110110111100
000000010100010010001111011011100
1010110101011010001101110110
11010101011
11010101001
11010101010001
1101010101111
00101001110010110101001000001
11110000111001011
0111110000100011001110
011111000101011000101001
10000111100000010101100101
1000011100000100010000110
1110111011000100100001
1100010111101101001
1110101111010010000110100011
001100010011010111
10111011000100001001
00101101001110101101001
1101011000110101001010110111
111010101111010110001
001111000111110010000110
001111101001111001101110
011101110
011101101
011101111101
0111011111100
00010001001
00010010
000100001
111011110
00000010010001111101101
1110011110001010011
0010001100001011
1101000101001011
101100010100
110001001011
00011010010
11101001110100
00111111101001110
0011111111101
00111111111101
001111111111110001
10000000000011
0100010110
1101111011011010
1101111101110010110
0100101001110
01001110110
1111001010001101011
0110000101110010110
111001011000101011
11010011101001
000101000010
000000110
000000011
111111101
1111111101
000000111
11000010000010
0100010010100110001
01010010110000
11010010110001
101010100001111
10
100
1000
10000
100000
1100
11000
110000
1110
11100
111000
1110000
11100000
11110
111100
1111000
11110000
111100000
01
01111
011111
110001010000110111
11011111011100
00
1001
11111000001111110
0000111101011
11111000001111001
101011
10100
10110100
0101100111
1010011000
0000100010000101
000011110001
0000011110010001
00100001011
110111101000
1000010100
1010001001
111111000001111011111111
0000000111110000100000000
0000011110111000000
11111100001110000000
111111100000111101110111001111111001100110001111
1001111
11001110001110000
00110001110001111
00000001111000001
100000010
1111111100111100111
111110100001111010001
000001011110000101110
0001100001110010
0001001001101001
1101110110100
00010000101
1110110111100
110011
000101001000011
0100110101100011110100
101100101001110000100
110110111101000
110111100110100
00100010110001
0010110001001110
000111000010
1111000011110100
000111000110
1110011110010
000110111100
111001000011
00010011110100
111110110111001
0000100111001
11001110010111
0011000010
1010001011001010100
11000111101101110
00011001010011
1110011010011
001100111010
1110000110001001
0100101000100100001
1011010111011011110
001010001101001
111000111011
010001100001
101110011110
11110000101011
00111000001000110
1100011110111001
001111000100000101
0101001010011
1100010111
00011110010
11100001101
11101111011
000100001010110
001010001
001100110010001
11001100111001
110010
001101
111100111000110
110110011001101
0001101110110
001110000110100
000110001
111001110
11000101
111001101000
0011100100001
101000110101011
11010100110101011
0001000100110
1110111011001
010011101000
00111001101
1100011001000
001000100101
001001001000011
110111011000
11011011010
1110110110
101101011010100
00010100100001
1110101101110
1100011010
110011010
11100111110110
000110000110
0001100101
100111010001
011000101110
0100010100
1011101011
000111010
111000101
101110100111100010
01000101100011101
010011100001001
1010111001011
10011010
011001110
011001100111
100110001
000100101
11100101011
00011010100
00101011101011
11010100010100
0001101101001
1110010010110
110010100
001101011
111100111100110
000011000011001
1110011101
0001100010
1011
0100010
110101110
000100110
111011001
00100011001011
0001110001011
11000101001
00111010110
111010111
000101000
010001101
101110010
001011101
1110010001
0001101110
10110101110
01001010001
110111001
001000110
110111101
001000010
00011011100
11100100011
000011001011
111100110100
1100001011
0011110100
0011100010
1100011101
11100110001
000110011101
000111101
1110000101
0001000011
1110111100
0001100110
1110011001
0001000001101
1110111100011
11010100001010111
00101011101011000
00111010010001
110001100111101
001110011000010
00011110100011
11100001011100
1101110010111
0010001101000
1111100011001
0000011100110
1111000110
0000111001
11100111101
0001100001001
1111001101011
000011001010010
111101000101
000010111010
000111110100
111000001011
1011100001
0100011110
001111101
110000010
00011110110
11100001001
1011011110
0100100001
001101001
110010110
111001101011
0001100101000
100010111
0111010001
10000110
01111001
100000110
011111001
11111000001
00000111110
11100011100010
00011100011110
1010011101011
0101100010100001
10101101110
010100100011
000111011011110
111000100100001
000111101001
